0.9996
1
0.96
0.96
0.96
0.96
0.96
0.96
0.96
0.96
1
1
1
0.96
0.96
1
0.96
1
1
1
0.96
0.96
0.96
0.96
0.96
0.96
1
0.96
0.85
1
0.99
0.85
0.96
0.96
0.96
0.85
0.96
0.96
0.96
0.85
0.96
1
0.96
0.96
0.85
0.85
0.96
0.85
1
0.96
0.98
1
0.96
1
1
0.96
0.96
1
0.96
1
0.85
0.98
0.96
0.96
0.85
0.93
0.85
0.98
1
0.96
1
0.96
1
1
0.96
1
1
1
0.96
1
0.96
1
0.85
0.85
0.85
0.96
0.96
0.85
0.95
0.85
1
0.96
0.96
1
1
1
1
1
1
1
0.85
0.85
1
0.81
1
1
0.85
1
0.85
1
0.96
0.96
0.96
1
0.96
0.96
1
1
0.96
1
0.85
0.96
0.96
0.96
0.96
1
0.96
0.96
0.85
0.96
1
0.85
0.96
0.96
0.96
1
1
0.96
0.96
0.96
0.96
0.96
1
0.85
1
0.96
0.96
1
1
1
1
0.96
1
1
0.96
0.85
0.96
0.98
1
1
0.96
1
0.96
1
1
1
0.96
1
0.96
0.96
1
1
1
1
0.96
1
0.96
0.96
1
0.96
0.96
0.96
0.96
0.96
0.96
0.96
1
1
1
1
1
1
1
1
0.96
0.96
0.96
0.96
0.96
1
0.96
1
1
0.96
0.96
0.96
1
0.85
0.96
0.96
0.96
1
0.96
0.96
0.96
1
0.96
1
0.96
0.96
1
0.96
0.96
1
0.96
1
0.96
1
1
0.96
0.98
0.96
0.96
0.96
0.91
0.99
1
1
1
0.94
0.96
1
0.96
1
1
0.96
0.96
0.85
0.96
1
1
1
0.85
1
1
1
0.88
1
1
0.96
1
1
1
0.96
0.96
0.96
0.85
1
1
1
1
0.96
1
1
0.96
0.96
0.85
0.85
1
0.85
0.96
0.96
0.96
1
0.96
0.96
1
1
