0.9996
0.9994
0.95
0.9
0.85
0.85
0.95
0.85
0.9
0.9
0.95
0.85
0.95
0.95
0.9
0.95
0.9
0.96
0.95
0.95
0.95
0.95
0.85
0.9
0.95
0.95
0.95
0.9
0.85
0.85
0.95
0.95
0.9
0.85
0.95
0.95
0.95
0.9
0.95
0.96
0.9
0.95
0.9
0.95
0.9
0.96
0.95
0.9
0.95
0.95
0.95
0.96
0.95
0.9
0.95
0.95
0.95
0.85
0.85
0.95
0.9
0.95
0.95
0.96
0.85
0.9
0.95
0.95
0.91
0.95
0.9
0.95
0.95
0.95
0.95
0.95
0.95
0.95
0.9
0.95
0.91
0.95
0.95
0.9
0.95
0.85
0.95
0.95
0.9
0.95
0.95
0.95
0.9
0.95
0.95
0.96
0.95
0.95
0.9
0.95
0.9
0.95
0.9
0.95
0.9
0.9
0.95
0.9
0.96
0.9
0.98
0.95
0.95
0.95
0.95
0.9
0.85
0.95
0.9
0.9
0.95
0.9
0.9
0.95
0.95
0.9
0.9
0.95
0.85
0.95
0.95
0.96
0.9
0.9
0.96
0.95
0.95
0.95
0.95
0.95
0.9
0.95
0.95
0.95
0.95
0.95
0.9
0.9
0.9
0.9
0.9
0.95
0.98
0.96
0.95
0.9
0.9
0.9
0.9
0.95
0.95
0.95
0.95
0.9
0.85
0.95
0.85
0.95
0.95
0.85
0.95
0.95
0.95
0.95
0.9
0.96
0.95
0.95
0.95
0.9
0.95
0.9
0.95
0.95
0.85
0.9
0.9
0.85
0.95
0.95
0.85
0.95
0.95
0.9
0.95
0.96
0.95
0.95
0.95
0.95
0.85
0.95
0.95
0.95
0.95
0.95
0.95
0.95
0.95
0.95
0.85
0.9
0.95
0.95
0.9
0.85
0.96
0.9
0.95
0.95
0.95
0.95
0.96
0.95
0.9
0.95
0.95
0.95
0.85
0.95
0.95
0.95
0.95
0.95
0.96
0.9
0.85
0.9
0.85
0.9
0.9
0.9
0.9
0.95
0.95
0.95
0.95
0.85
0.95
0.98
0.95
0.85
0.9
0.91
0.99
0.9
0.9
0.95
0.9
0.95
0.85
0.9
0.9
0.95
0.96
0.96
0.96
0.95
0.9
0.96
0.85
0.95
0.95
0.95
0.9
0.95
0.95
0.9
0.95
0.9
0.95
0.85
0.95
0.95
0.95
0.95
0.95
0.85
