1
1
0.96
1
1
1
0.98
0.99
0.99
0.96
0.96
0.96
0.96
0.99
0.91
1
0.96
0.96
0.96
0.99
0.96
0.96
0.96
0.96
1
0.96
0.96
0.98
1
0.98
0.99
0.99
0.99
1
0.85
1
0.99
0.96
1
1
1
1
0.99
0.96
0.98
0.96
1
0.98
0.96
0.99
1
0.99
1
0.96
0.96
0.96
1
0.96
0.99
0.96
0.96
1
1
0.98
0.98
0.96
1
1
0.96
0.98
0.98
0.91
0.98
1
0.98
0.98
0.99
0.96
0.9
0.96
1
1
1
0.96
0.96
0.96
0.96
1
0.99
0.96
0.96
0.99
0.98
0.96
0.96
1
0.99
0.96
0.96
1
0.85
0.96
0.96
0.99
0.99
0.91
1
1
0.96
1
0.96
0.96
0.99
1
0.96
0.98
1
0.96
1
1
1
0.96
0.99
0.99
0.98
0.96
0.96
0.96
0.96
1
0.99
0.96
0.98
0.99
1
0.98
0.96
0.99
0.98
0.96
0.96
0.96
0.96
0.85
0.99
0.96
1
1
0.98
0.99
0.96
0.99
0.98
0.96
1
0.98
1
0.96
0.96
0.99
1
0.96
1
0.96
0.98
0.99
0.96
0.96
0.99
1
0.96
1
0.96
1
0.98
0.99
1
1
1
0.99
0.99
0.99
0.96
1
0.96
0.98
1
0.98
1
1
1
1
0.99
0.98
1
1
0.98
0.98
0.96
0.96
0.96
0.99
0.96
0.85
0.96
0.96
1
0.99
0.99
0.96
1
0.96
0.96
0.96
1
0.96
0.99
0.98
0.99
0.96
0.96
1
0.96
0.99
0.98
0.96
0.96
0.96
0.98
0.99
0.96
0.96
0.96
0.96
0.96
0.99
0.91
0.96
1
1
1
0.96
0.96
0.96
0.98
0.98
0.99
0.96
1
0.96
0.98
1
0.96
1
0.96
0.99
0.99
0.96
1
0.91
1
0.98
0.99
0.98
1
1
0.98
1
0.99
0.96
1
0.96
1
1
1
0.98
0.96
0.91
1
0.96
0.96
0.96
1
0.96
0.96
0.96
0.96
0.99
