0.85
0.85
1
1
1
1
1
1
1
1
0.85
1
1
0.85
1
0.85
1
0.85
1
1
0.97
1
1
0.85
0.85
1
0.85
0.98
0.85
0.85
1
1
0.85
0.99
0.85
0.85
1
0.85
1
0.85
0.99
1
0.85
1
0.99
0.85
0.85
1
0.85
0.85
0.99
1
1
1
0.85
0.85
0.85
0.85
0.85
0.99
0.99
0.85
1
0.85
0.85
0.85
1
1
0.85
0.85
0.85
0.85
0.99
0.85
0.99
0.85
0.85
1
0.99
0.85
0.85
0.85
1
0.85
0.99
0.85
0.85
0.85
0.99
0.85
0.85
0.85
0.85
0.85
1
0.85
0.85
0.85
0.85
0.85
1
1
0.85
0.85
0.85
0.85
1
0.85
0.85
1
0.99
0.85
0.85
0.99
0.85
0.99
1
1
0.85
0.9
0.85
0.85
0.85
0.85
0.99
0.99
0.85
0.85
0.99
1
0.85
0.99
0.85
1
0.85
0.85
1
0.99
1
1
0.85
0.85
0.85
1
0.85
1
0.85
0.85
0.85
1
0.85
0.85
0.85
0.85
0.85
0.85
1
0.85
0.85
0.99
1
0.85
0.85
0.85
0.85
0.99
1
1
0.99
1
1
1
0.91
1
0.99
1
0.98
1
0.99
0.99
1
1
1
1
1
1
0.85
0.99
0.85
0.85
1
0.85
1
0.85
1
1
0.98
0.85
1
0.85
0.99
0.85
0.99
1
0.99
0.85
1
0.85
1
0.99
0.85
1
0.85
1
0.85
0.85
0.99
1
0.85
0.99
0.85
1
1
0.85
1
0.85
0.85
0.85
0.85
1
0.85
0.85
0.99
0.99
0.99
1
0.99
0.99
0.99
0.99
0.99
1
1
1
0.85
0.99
0.99
1
0.85
0.99
1
0.85
0.98
0.98
0.99
1
1
0.99
0.98
0.98
0.85
0.99
1
0.85
0.85
0.85
0.99
1
1
0.85
0.85
1
0.85
1
1
1
1
0.85
0.99
0.99
0.85
1
0.99
1
1
0.99
1
0.99
