1
0.85
0.85
1
0.85
1
1
1
0.85
1
1
0.99
0.85
1
0.99
0.96
0.99
0.96
0.85
0.99
0.98
0.99
0.99
0.96
0.99
0.98
0.98
1
0.85
1
0.96
0.96
0.99
1
0.85
0.99
1
0.99
0.85
0.85
1
0.85
0.85
0.85
1
1
0.98
0.99
1
0.99
0.99
1
0.98
1
0.85
0.96
1
0.98
1
0.96
1
0.99
1
1
0.98
0.99
0.96
0.96
0.98
0.96
1
0.98
0.99
1
0.98
0.96
1
1
0.85
0.85
0.85
0.99
0.99
1
0.99
0.99
0.99
0.99
0.99
0.98
0.96
1
0.98
0.85
0.96
1
0.96
0.96
1
0.99
0.99
0.98
1
1
0.85
0.99
1
0.99
0.98
0.96
0.96
1
1
0.99
0.85
1
0.99
1
1
0.99
0.96
1
0.78
0.99
0.78
0.96
1
0.74
0.9
0.93
0.96
0.86
0.78
0.93
0.7
0.92
0.68
0.9
0.92
0.99
0.7
0.72
0.96
0.74
0.84
0.96
0.96
0.96
0.99
0.9
0.9
0.68
0.84
0.87
0.88
0.93
0.85
0.87
0.84
0.74
0.78
0.85
1
0.87
0.81
0.99
0.96
0.78
0.78
0.87
0.96
0.95
1
0.81
0.84
0.84
0.9
0.96
1
0.87
1
0.8
0.9
1
0.96
0.96
0.72
0.81
0.9
0.88
0.96
1
0.96
0.96
0.99
1
0.85
1
0.95
0.99
0.84
0.85
0.78
0.81
0.93
0.78
0.87
0.95
0.72
0.85
0.96
0.81
0.92
0.96
0.88
0.81
0.87
0.85
0.95
0.9
0.84
0.96
0.85
0.96
0.95
0.96
0.88
0.85
0.88
0.87
0.99
0.74
0.72
0.92
0.84
1
0.99
0.9
0.9
0.81
0.92
0.81
0.92
0.92
0.96
0.96
0.84
1
0.74
0.9
0.91
0.84
0.78
0.9
0.99
0.9
0.88
0.88
0.9
0.9
0.9
0.85
1
0.9
0.84
0.9
0.92
1
0.81
0.96
0.98
0.96
0.98
0.84
0.92
0.91
0.96
0.95
0.88
1
0.84
0.88
0.9
0.78
0.95
1
1
0.96
