1
1
1
0.85
0.85
0.85
1
0.85
0.85
1
0.85
0.85
1
1
0.85
1
0.85
0.85
1
0.85
1
1
1
0.85
0.85
0.85
0.85
0.85
1
0.85
0.85
0.85
1
1
0.85
0.85
0.85
1
0.85
0.85
0.85
0.85
1
1
0.85
0.85
0.85
0.85
0.85
0.85
0.85
1
1
1
1
0.85
1
1
0.9
1
0.85
0.85
0.85
1
1
1
1
0.85
1
0.85
1
1
1
1
0.85
0.85
1
1
0.85
1
0.85
1
1
0.85
0.85
1
0.85
0.85
0.85
1
1
1
1
0.85
1
0.85
0.85
1
0.85
0.85
1
0.85
1
1
1
1
0.96
0.84
0.85
1
1
0.96
1
1
1
0.85
1
0.85
1
1
0.85
1
1
1
1
1
0.85
1
0.85
1
0.85
1
1
0.85
0.85
1
1
0.85
1
1
0.85
0.85
1
0.85
1
0.85
1
0.85
1
1
0.85
1
0.85
1
1
1
1
0.85
0.85
1
0.85
1
1
1
1
0.85
1
0.85
0.85
1
1
0.85
1
1
0.85
0.85
1
0.85
0.85
0.85
1
0.85
0.85
0.85
1
1
0.85
1
1
0.85
1
1
0.85
1
1
1
0.85
1
0.85
1
1
0.85
1
1
0.85
0.85
0.85
0.85
0.85
1
0.85
0.85
0.85
1
1
0.85
1
1
0.85
0.85
0.85
0.85
0.85
1
0.85
0.85
0.85
1
1
0.85
1
1
0.85
1
0.85
0.85
0.85
1
0.85
0.85
1
1
1
0.85
0.85
1
0.85
0.85
0.85
1
0.85
0.85
1
1
1
1
1
0.85
0.85
1
1
1
0.85
0.85
0.85
0.85
1
1
0.85
1
1
0.85
0.85
1
1
0.85
0.85
0.85
1
0.85
1
1
1
0.85
1
0.85
0.85
0.85
