0.9996
0.9972
0.76
0.96
0.68
0.74
0.96
0.9
0.87
0.78
0.96
0.85
0.87
0.78
0.99
0.84
0.82
0.96
0.88
1
0.96
0.54
0.9
0.78
0.52
0.9
0.95
0.81
0.9
0.86
0.94
0.95
0.68
0.93
0.84
0.96
0.68
0.74
0.88
0.9
0.7
1
0.51
0.78
0.7
1
0.82
0.98
0.57
0.84
0.88
0.81
0.96
0.88
0.78
0.76
0.74
0.81
0.84
0.99
0.84
0.81
0.68
0.87
0.85
0.93
0.81
0.81
0.8
0.93
0.93
0.85
0.84
0.9
0.87
0.92
0.55
0.78
0.92
0.81
0.7
0.84
0.96
0.76
0.7
0.87
0.9
0.51
0.92
0.8
0.84
0.51
0.99
0.87
0.96
0.92
0.9
0.92
0.7
0.8
0.96
0.9
0.93
0.84
0.68
1
0.9
0.84
0.84
0.87
0.88
0.7
0.96
0.9
0.87
0.76
0.81
0.74
0.78
0.93
1
0.93
0.76
0.56
0.78
0.68
0.84
0.98
0.86
0.7
0.8
0.72
0.92
0.99
0.68
0.84
0.8
0.96
0.88
0.74
0.9
0.78
0.94
0.51
0.7
1
0.92
1
0.88
0.78
0.68
0.9
0.74
0.87
0.96
0.81
0.78
0.8
0.82
0.96
0.96
0.68
0.87
0.88
0.84
0.96
0.68
0.96
0.88
0.82
0.9
0.76
0.96
0.94
0.82
0.96
0.88
0.74
0.96
0.92
0.7
0.96
1
1
0.51
0.96
0.96
0.82
0.9
0.76
0.74
0.96
0.84
0.84
0.76
0.82
0.99
1
0.99
1
0.93
0.87
0.7
0.87
0.93
0.95
0.91
0.84
0.7
0.81
0.68
0.68
0.84
0.92
0.95
0.96
0.84
0.8
0.95
0.92
0.99
0.96
0.87
0.7
0.88
0.88
0.96
0.88
0.84
0.96
1
0.9
0.82
0.7
0.93
0.92
0.87
0.74
0.96
0.78
0.96
0.78
0.96
0.88
0.88
0.93
0.96
0.82
0.96
0.92
0.9
0.87
0.81
0.88
0.7
0.88
0.96
0.93
1
0.76
0.94
0.81
0.78
0.88
0.76
0.76
0.74
0.87
0.96
0.8
0.81
0.55
0.9
0.76
0.65
0.52
0.96
0.99
0.9
0.72
0.81
1
0.7
0.88
0.78
0.74
0.72
0.9
1
