0.9999
1
1
1
0.85
1
0.85
1
1
1
0.99
1
1
1
1
0.98
0.96
1
0.99
0.85
0.98
0.99
0.85
1
0.96
0.85
0.85
1
1
0.98
1
0.99
0.98
1
1
1
1
1
0.99
1
1
1
1
0.99
1
1
1
1
1
0.85
0.99
1
1
0.98
0.99
1
0.99
1
0.99
0.96
1
1
1
1
0.99
1
1
1
0.96
1
0.96
1
0.99
1
0.99
1
0.88
1
0.99
0.95
1
0.96
0.96
1
0.85
0.99
0.96
0.99
1
0.96
0.85
1
1
1
0.99
0.85
1
1
1
0.99
0.96
0.96
1
0.98
1
0.96
1
0.91
1
1
1
1
0.9
0.99
0.99
0.98
0.96
1
0.96
0.96
0.98
1
1
1
1
1
0.85
1
1
1
1
1
1
1
0.99
0.9
1
1
0.96
0.99
0.98
0.99
0.91
0.85
1
0.96
1
1
1
0.85
1
1
1
1
1
1
0.99
0.85
0.99
1
0.9
0.99
0.99
1
0.96
1
1
1
1
0.98
0.98
1
1
1
0.85
0.84
0.99
0.85
0.85
1
0.85
0.85
0.85
0.85
1
1
1
0.85
0.85
1
0.85
0.85
0.99
0.99
0.96
1
0.99
1
0.99
0.99
1
1
1
1
1
1
1
1
1
0.96
1
0.96
1
1
1
0.99
1
1
1
0.99
0.85
1
1
1
1
0.99
0.98
1
1
1
1
0.96
1
1
1
1
1
1
0.96
1
0.85
0.99
1
1
1
0.99
0.99
1
0.85
0.85
1
1
1
1
1
1
1
1
1
1
0.98
1
1
1
0.85
0.85
1
1
0.98
0.96
1
1
1
0.96
0.98
0.85
1
1
1
1
1
1
0.85
1
1
0.85
1
1
