0.9996
0.9996
0.96
0.96
1
0.92
0.96
0.9
0.87
0.99
0.92
1
0.81
1
0.84
1
0.85
0.98
0.96
1
0.9
0.85
1
0.98
0.9
0.98
0.95
0.84
0.58
0.96
0.98
1
0.96
1
1
0.92
0.84
0.96
1
1
0.96
0.96
0.9
0.98
0.98
0.9
0.98
0.81
1
0.99
0.96
1
0.95
0.99
0.95
0.91
0.54
0.81
0.98
0.91
0.95
0.84
0.96
1
0.7
0.82
0.82
0.85
0.9
0.96
0.96
0.9
0.95
0.82
0.99
0.84
0.99
0.93
0.95
0.92
0.87
0.84
0.9
1
0.92
0.95
0.88
0.54
0.92
0.85
0.84
0.85
0.68
0.9
0.52
0.81
0.87
0.96
0.9
0.78
0.98
0.84
0.99
0.96
0.96
0.85
0.84
0.8
1
0.87
0.84
0.81
0.7
0.58
0.96
0.7
0.81
0.93
0.74
0.99
0.94
0.94
0.93
0.92
0.8
0.93
0.7
0.81
0.96
0.88
0.84
0.99
1
0.92
0.67
0.66
0.76
0.9
0.92
0.56
1
0.99
1
0.84
0.54
0.7
1
0.81
0.84
0.99
0.54
0.94
0.95
1
0.9
0.68
0.87
0.84
0.75
0.84
0.8
0.51
0.82
1
0.84
0.96
0.87
0.82
0.93
0.92
0.74
0.81
0.96
0.95
0.93
0.84
0.98
0.92
0.99
0.98
0.96
0.78
0.82
0.86
0.9
1
0.6
0.96
0.7
1
0.91
0.99
0.84
1
0.93
0.81
0.96
0.78
0.81
0.84
0.9
0.53
0.95
0.95
0.95
0.95
0.95
0.95
1
0.96
0.85
1
0.96
1
0.85
0.85
1
0.95
0.96
0.96
0.9
0.84
0.9
0.85
0.9
0.9
1
1
0.96
0.96
0.96
0.9
0.96
0.96
1
1
0.96
0.99
0.9
0.96
0.96
1
0.95
0.96
0.99
1
0.96
1
0.9
0.99
0.96
1
0.96
0.96
1
0.91
0.84
0.99
0.96
0.99
0.99
0.95
0.95
0.95
0.99
0.98
0.96
0.95
0.96
0.96
0.96
0.99
0.96
0.96
1
0.91
0.91
0.9
0.96
0.84
0.96
0.99
0.95
0.95
0.96
1
0.95
0.85
