1
1
0.99
1
1
0.98
0.98
0.99
1
0.98
0.99
1
0.96
0.99
0.98
0.99
0.96
0.99
0.91
0.91
0.98
0.99
0.96
0.99
0.98
0.96
0.9
0.99
0.99
0.96
0.96
0.99
0.99
1
0.98
1
1
1
1
1
0.96
0.96
0.98
0.96
0.91
0.91
0.96
0.96
0.98
0.96
0.96
0.99
0.96
0.99
0.96
0.99
0.9
0.99
1
1
0.91
0.96
0.96
0.96
0.96
0.96
1
0.91
0.99
0.91
0.85
1
0.96
0.96
0.99
0.96
1
0.84
0.96
0.99
1
0.99
1
0.96
1
0.99
0.98
0.98
0.99
1
0.9
0.96
0.96
1
0.91
1
0.96
0.96
0.91
1
0.91
0.85
0.99
1
0.96
1
0.99
1
0.91
0.96
1
0.96
0.96
1
0.96
0.96
1
0.99
0.92
0.98
0.9
1
0.8
0.96
0.96
1
0.96
0.91
0.96
1
0.98
0.96
0.98
0.96
0.98
0.96
0.91
1
1
0.96
0.96
0.96
0.96
0.99
1
0.98
0.85
0.91
0.85
0.9
0.98
0.85
0.99
0.95
0.96
0.98
1
0.96
0.98
0.99
0.96
0.99
0.91
1
0.99
0.96
0.91
0.96
0.99
0.99
1
0.99
0.98
0.91
0.72
0.95
0.96
1
1
0.99
1
0.72
0.99
1
1
0.99
0.96
0.96
0.99
0.98
0.96
0.96
0.85
0.99
0.9
1
0.96
0.99
0.96
0.96
0.96
0.9
1
0.85
0.96
0.85
0.9
0.91
0.96
0.98
0.84
0.99
1
1
0.98
0.96
0.96
0.96
0.9
0.96
1
0.98
0.9
0.72
0.85
0.91
0.96
0.72
1
0.9
0.81
0.87
0.85
0.78
0.84
0.81
0.99
0.96
0.99
0.87
0.91
0.81
0.98
0.96
0.84
0.96
0.99
0.9
0.96
1
1
1
0.99
0.96
0.99
1
1
1
1
1
0.9
0.99
0.96
0.99
0.9
0.85
0.9
0.81
0.9
0.85
1
0.96
0.93
1
0.96
0.96
0.9
1
0.9
1
0.98
0.91
0.98
0.96
0.95
1
1
0.96
